0.14373488812575408
0.7242580600446615
1.3773908029960045
0.18881025748414748
1.4854103589293755
0.8180649476658948
0.9260512613903833
1.0211402415341349
1.2870293989787016
1.0532712123806065
1.1455886593328062
0.1901080453723063
0.5959293151410292
3.7834922910655906
2.291489176402713
3.7781803081044303
2.2862377047027516
0.9699253167142308
3.9722151111590907
0.13495502002405324
2.660202641714918
0.4755927782463454
2.0592830035297425
1.985478773138845
0.8643153742451206
0.7819533658603617
3.205652391692168
2.6865785005414176
0.7629251652075051
0.9239009635363371
0.3670789291403378
1.3823055708804124
0.9472044666197506
3.130577619903665
1.3187406327912892
0.5634979065277732
1.717475297667478
1.475833383175396
0.882103814370828
3.4153702678313445
3.162067017818113
2.783574052338324
0.42465075813851216
1.3409509648317215
1.8660296072795055
0.09963966508914623
1.167746296012579
0.1770884058930453
3.318185042319277
2.2332680063761554
2.935579864707069
2.8736570633604015
0.745154037698669
3.187599089124226
3.2007720241089768
2.7854991527744577
0.8861512699150671
0.7400866102049846
0.6298935404757628
1.230544451858754
3.1325005639973083
8.526315172519006E-5
2.8047997864497773
1.5964573609348376
0.49097586674627625
1.4622925016013077
3.39334059452807
2.0320646665923228
0.9902306374665879
1.8911256484629821
1.7656612319360807
1.6387269659254895
2.434734642765631
2.3125252749464202
3.89996551176184
3.0807198953534844
3.8207935217411144
0.4560798217600883
3.394271330434072
1.662598914803529
3.2643826534189584
1.1817729062712101
3.49834181356943
1.1754285372750033
2.95068221359341
3.7420618660607414
1.3026329069395635
2.192660108447362
0.4003590255857965
3.1714012681111736
1.5687547659580274
1.00035339237093
0.2577931733202692
2.6617323573428857
0.1586011061716146
0.9753373531096607
3.841608018256837
2.4738646752502667
3.616954321691169
0.9788178843003634
0.8580147932419808
0.7510837597256859
0.18503324138215715
3.211841881165523
2.9626411645127897
0.5427228611238117
0.37010635049101603
3.9829350790996325
2.266669249713352
1.4118456198842706
2.1689469926746208
2.967139241054305
1.4182645218054297
3.1925901571797
3.140566471149474
1.7895747543668117
1.5504325777605565
3.779133641715694
2.7463152994437716
1.1455696693379767
2.1715984699074595
0.2696408742589571
1.7231000990416807
3.173292894213932
2.9853587164286663
3.3549678100583367
2.728119034683441
2.423743655467521
1.661012027171699
0.5332965092833017
0.09117555608734973
0.5268498479474379
1.7366317381051202
2.548284747168113
0.23328607399525447
2.5313379611918445
1.1215990350592788
3.3897194617641766
2.157954244083686
2.8999407231295593
0.07567168207844288
1.2620693217421017
1.39413906894027
2.2704171330262564
0.07682035714687041
2.117738615199984
0.867602970118341
0.3467639231555819
1.6502192486787535
2.668230127948848
2.399978600415662
1.663905263075511
2.0159366113520143
2.227831378469033
0.8825536468813424
1.4730525622902806
2.323023194736286
2.310844539709348
1.6444255416168159
0.6238333048493723
3.2728572803189477
3.5947873336686778
2.132335367177496
3.0731938040311366
1.0947570874136137
1.678397212629927
1.7421488592321324
1.5299866695633662
1.122030927320254
0.004678711356925991
0.48960339000477804
3.7480608855439246
3.6267892273454856
0.38563860309835984
2.1806025930239294
2.109577962527851
2.1070010215122257
2.756762213798221
2.8389906037443526
2.3941834998870704
3.8794310570374484
2.1056868107003166
0.37239797422185106
0.008570926222577047
0.6172530833759002
3.9609380926230937
2.804406510467198
3.4548803152937193
2.3812887893291586
2.3929991644558815
3.8739351083355786
3.445278810532128
2.728977982007213
0.17138972000352926
0.400408075007765
3.8239802867045536
0.6453445553502046
3.5378374848819862
1.5359194377551977
3.336863504960329
3.325375634774424
1.997031437300051
1.8732678702398462
1.2927562109947566
0.24738975041409184
2.5928529953456785
2.351388095199429
3.2893602924267342
1.5121254609247057
0.3293861619453424
0.9973649648910015
1.4306961380068803
0.08243792035949316
3.7124148445163834
3.7668707971359527
0.8418530395448425
0.3436474522278594
0.8285214007877686
0.09252228659834527
0.7907384432164744
2.3147405522378373
2.9453080047658275
0.22231101408280463
2.3554238783224486
1.8757792287624055
3.3076656572990886
2.027917068832614
1.32959352173555
2.5370318899611175
2.621425670614353
3.6853710834384303
2.937504608171888
1.56049446285046
3.657131943718772
1.478187786567771
3.9337797870270395
0.6546267646577624
1.473079865712041
0.9457478064120886
3.7922524128567976
2.998286519328201
0.948173216759836
0.6973642191253959
1.9419964870004969
2.009997113315618
3.6315573792089855
1.4351226417370206
0.38757655501900823
3.063844393890708
1.3573936763326282
0.07624395566413833
0.5544599181762648
3.263452337750452
2.639543756526489
2.3383712197964095
3.8294402820399345
2.4206433373841896
3.5523426234577915
2.748841653917944
1.019827249320731
2.5455475383513018
1.6200421375579714
2.7616584058094378
2.83406302635699
1.4400773967959872
3.1789143101853523
1.5135354107346193
1.4903336709725568
2.3968459369316495
3.7424110084158806
3.723042354207609
2.68864829627996
2.5407574231059455
3.0911796730284595
1.334535392727858
3.435766873646233
3.010659552940065
0.12614602062565838
3.731213753046311
2.5912614761605184
0.9636007932729003
0.964274664228582
3.689299771047725
1.5069048989584002
0.2943929870455073
3.32303116577827
0.7179951012909438
1.7604835578085893
2.998336009089682
2.930970088884057
0.027523138385030066
3.739041455870256
0.26511631350188036
3.518283654879646
0.09022380383447759
1.7054648133924744
3.6770494632616684
0.8825485265261364
2.607321528342602
1.9862248953030925
2.294991249853613
1.5913184758619594
1.6666461622599376
1.0470041634955587
0.9503979824771212
0.07461226169779245
1.9742403775794681
1.4768337134250724
0.7221759199334512
2.1767568890881206
3.265445241541982
0.2802789360199256
0.36211136818513623
0.6784486067821374
1.3487097594771988
3.3811164755986636
3.342832944958354
2.8663038508377747
3.7080291840615858
2.8698496073191118
1.2374124489536693
1.9185757369730014
3.1875709349556063
3.2813184650427147
2.2998661488723586
0.6921196676874644
1.0047036365814144
0.06756526433163135
0.40097704718180793
2.437096761739039
0.1853017380355486
1.4350220243265968
1.8840109405678573
2.032311318808081
2.4878545337303515
3.843994826132326
2.440060569376044
3.5254837519647637
3.980562725811145
1.7223241752502543
0.7629029736807267
3.079166871545959
0.6582652314703124
1.324007707312926
2.528415440706381
2.8644197153407647
1.8336914614175273
1.167477501750958
3.153750295602374
1.0107601856477508
1.5101937274543227
1.1171308391551955
0.8266239770871446
3.4123215802910263
0.5407688564120501
0.9256189244718787
2.4552343910668433
1.0065486460420288
1.1008343491791943
2.9333053435778496
0.47447368711431226
3.083169588207554
1.8498825867716073
2.625211010528775
1.8542643484793992
1.2475913281540034
3.129789319016223
2.8746692691811355
2.1909969446975346
3.8542693431287183
2.64521320765635
2.9568217286097673
1.4232097033563553
3.042009948236117
3.2941752624766547
3.793989952591175
1.4978027101720817
3.944569206620188
2.164566938061181
0.3988664286771524
2.223236753286681
2.2163196152607094
3.1849890853187146
1.11037238462563
3.5813241778798455
1.704160270471502
3.515981425958727
0.9709384034410586
2.9293733921456786
2.9132542104502708
1.4903591501202853
3.4728679491454937
3.8096070179700625
0.8555825784437867
1.7590278392063938
2.9053519002808637
1.492927585796807
3.936709864515119
3.271305730889201
0.6626077981496854
2.9192638487459153
3.7275632501585854
3.8164365762978494
1.1275229573075456
3.356883911163177
0.7844332958249676
1.0756364081143328
0.12408800259322605
2.888219994737867
0.12181068500278736
2.481668481917741
1.4358136309752512
2.7399045624046554
3.509079105432993
2.6556014855153696
2.5162285073114985
2.509874825725375
0.4534913038023234
3.788060083275205
3.2714635286214664
0.5045577261636573
3.548261272260425
1.0549336305806696
3.673833714984784
0.6843043577366172
2.8060119034536934
0.005164940791241079
2.9692346007742554
3.125400117045766
3.6642233913951108
3.830897863232366
3.3700777110022138
0.44212973907341446
0.5407344696961762
1.5279175727552539
2.379393613245443
0.2725380952166896
2.1337538226840587
3.1769757072779186
2.270640315031603
3.7166770341700843
2.102247208667207
1.9242449979557579
0.7516578664180105
3.5262920413168093
3.328969189887492
1.711809777998901
1.4701186102820278
3.880052540903222
3.6598174801332024
3.4067496438892135
0.771728194316383
1.7385893940514703
3.829592546586032
1.7000326503385392
0.001337841486799718
0.05875956080061906
0.22565113809637216
2.9940908997261575
0.6410355559259515
1.556710876646651
0.20735039416659617
2.470605595585378
2.7081895214421863
2.2444809471732867
1.8905834550303164
0.6276874821155212
1.090324804315661
2.625015764563003
1.6231141230205712
3.798292133700514
3.872617865513546
1.2156529631885986
2.8178269401076603
3.5093681612271954
1.2177021546462679
1.980270333227708
3.377410151686814
2.0138913633370135
0.986383556234816
2.285454685501559
3.635400959451612
1.9255940581950202
2.0417697876064875
3.1562050103515906
2.554924722503238
2.6088560465012587
2.0582262256339043
2.891838634473821
0.867867306484134
0.8238786606511068
1.6604736623247969
2.5129246398118377
1.9036273006739792
2.0999205589164673
2.847053554724005
3.0452276712601587
2.047998031111759
0.40702975099030647
2.9062893164036234
2.3067978287026074
1.0891389227461015
0.9193631167940004
3.4117801957350533
2.6495026208968113
2.148999705624061
0.010838947020900491
3.388370505228464
1.0164493374990284
3.464968457926193
2.096528553363268
2.3684420621418716
0.7119059894969402
1.9779194525691812
0.5308431986519362
2.8122855476056356
0.44048145513455994
3.499244409730671
3.496235370412447
0.24521118881881954
0.45748662211781266
2.1708571210976735
1.663783672052383
3.4679667365206774
2.082548229530243
0.9985647147606769
0.37969229510952296
0.32593602192408344
1.3637104607886963
3.430609980120347
3.229386990781302
0.7764978310827249
2.339408823201359
1.269591123014084
0.05355060055328176
0.3728318342039487
0.130862577089621
0.6473732120854478
0.8380936990800807
1.7863636473423603
1.0075843115148673
1.3590130305136192
3.372714827521716
1.6189468703782328
3.6038644764794214
3.543122545918537
3.1703588274189527
2.5097887011992226
2.6242423752814594
3.512505113489445
0.8625395069719719
2.421028530867045
1.6611333090770155
1.4803032368023943
3.1331496937097647
3.989787878005592
3.1579366192437317
1.9933037243021623
0.22603484858485334
0.9634152283223694
1.0861064774548517
3.075451045886895
0.1592667441491975
3.988555217814886
3.564823090597989
2.4010282758908965
3.001707474989571
0.40357861265482375
2.437057531090412
2.2583692189899294
3.9151102723255824
2.1878156684275907
0.7259814741692519
1.6313713530372067
1.1376611637173415
2.8499409347517486
2.9308278811160013
3.4174881604606004
2.682520698099827
1.7917648521022835
3.2814642834350316
1.6172826149389103
1.2475817989732247
3.562593049239678
1.3560999567917982
3.2720306389751888
0.680315334300567
3.423221191444788
0.8766992888432705
2.992272224140159
1.3142325383560833
1.7675378562896702
2.031835651888981
0.11160907242551454
1.591147802825605
0.2036167814476224
0.3368709166081265
1.8164588365095407
1.6060836648369552
1.4750836993419156
